BOW_HOG_10_1=[
0.000000 0.000000 0.000000 0.000000 0.000000 0.000000 0.000000 0.208696 0.000000 0.013043 0.000000 0.000000 0.030435 0.556522 0.000000 0.000000 0.000000 0.000000 0.000000 0.000000 0.000000 0.000000 0.000000 0.191304 0.000000
];
BOW_HOG_10_2=[
0.000000 0.000000 0.000000 0.000000 0.000000 0.000000 0.015021 0.487124 0.000000 0.150215 0.000000 0.000000 0.015021 0.302575 0.000000 0.000000 0.000000 0.000000 0.000000 0.000000 0.019313 0.000000 0.000000 0.010730 0.000000
];
BOW_HOG_10_3=[
0.000000 0.000000 0.000000 0.000000 0.000000 0.000000 0.150943 0.666667 0.000000 0.031447 0.031447 0.000000 0.000000 0.106918 0.000000 0.000000 0.000000 0.000000 0.000000 0.000000 0.000000 0.000000 0.000000 0.012579 0.000000
];
BOW_HOG_10_4=[
0.000000 0.000000 0.000000 0.000000 0.000000 0.000000 0.000000 0.000000 0.000000 0.000000 0.000000 0.000000 0.000000 1.000000 0.000000 0.000000 0.000000 0.000000 0.000000 0.000000 0.000000 0.000000 0.000000 0.000000 0.000000
];
BOW_HOG_10_5=[
0.000000 0.000000 0.000000 0.000000 0.000000 0.000000 0.000000 0.000000 0.000000 0.000000 0.000000 0.000000 0.000000 1.000000 0.000000 0.000000 0.000000 0.000000 0.000000 0.000000 0.000000 0.000000 0.000000 0.000000 0.000000
];
BOW_HOG_10_6=[
0.000000 0.000000 0.000000 0.000000 0.000000 0.000000 0.013889 0.236111 0.000000 0.472222 0.000000 0.000000 0.027778 0.041667 0.000000 0.000000 0.000000 0.000000 0.000000 0.000000 0.013889 0.000000 0.000000 0.194444 0.000000
];
BOW_HOG_10_7=[
0.000000 0.000000 0.009434 0.000000 0.000000 0.000000 0.000000 0.000000 0.000000 0.084906 0.000000 0.000000 0.198113 0.707547 0.000000 0.000000 0.000000 0.000000 0.000000 0.000000 0.000000 0.000000 0.000000 0.000000 0.000000
];
BOW_HOG_11_1=[
0.000000 0.000000 0.000000 0.000000 0.000000 0.000000 0.000000 0.271186 0.000000 0.000000 0.000000 0.000000 0.000000 0.050847 0.000000 0.000000 0.000000 0.000000 0.000000 0.000000 0.000000 0.000000 0.000000 0.677966 0.000000
];
BOW_HOG_11_2=[
0.000000 0.000000 0.000000 0.000000 0.000000 0.000000 0.046154 0.433333 0.000000 0.130769 0.007692 0.000000 0.002564 0.074359 0.000000 0.000000 0.000000 0.000000 0.000000 0.000000 0.005128 0.000000 0.000000 0.300000 0.000000
];
BOW_HOG_11_3=[
0.000000 0.000000 0.000000 0.000000 0.000000 0.000000 0.068966 0.146552 0.000000 0.431034 0.000000 0.000000 0.000000 0.176724 0.000000 0.000000 0.000000 0.000000 0.000000 0.000000 0.000000 0.000000 0.000000 0.176724 0.000000
];
BOW_HOG_11_4=[
0.000000 0.000000 0.000000 0.000000 0.000000 0.000000 0.000000 0.000000 0.000000 0.000000 0.000000 0.000000 0.000000 1.000000 0.000000 0.000000 0.000000 0.000000 0.000000 0.000000 0.000000 0.000000 0.000000 0.000000 0.000000
];
BOW_HOG_11_5=[
0.000000 0.000000 0.000000 0.000000 0.000000 0.000000 0.000000 0.000000 0.000000 0.000000 0.000000 0.000000 0.000000 1.000000 0.000000 0.000000 0.000000 0.000000 0.000000 0.000000 0.000000 0.000000 0.000000 0.000000 0.000000
];
BOW_HOG_11_6=[
0.000000 0.000000 0.000000 0.000000 0.000000 0.000000 0.000000 0.400000 0.000000 0.016667 0.000000 0.000000 0.016667 0.533333 0.000000 0.000000 0.000000 0.000000 0.000000 0.000000 0.033333 0.000000 0.000000 0.000000 0.000000
];
BOW_HOG_11_7=[
0.000000 0.000000 0.000000 0.000000 0.000000 0.000000 0.000000 0.000000 0.000000 0.000000 0.000000 0.000000 0.007194 0.992806 0.000000 0.000000 0.000000 0.000000 0.000000 0.000000 0.000000 0.000000 0.000000 0.000000 0.000000
];
BOW_HOG_12_1=[
0.100000 0.000000 0.000000 0.000000 0.020000 0.000000 0.000000 0.166667 0.000000 0.300000 0.366667 0.000000 0.000000 0.000000 0.000000 0.000000 0.000000 0.000000 0.000000 0.000000 0.026667 0.000000 0.000000 0.020000 0.000000
];
BOW_HOG_12_2=[
0.029032 0.000000 0.003226 0.000000 0.000000 0.000000 0.019355 0.261290 0.000000 0.161290 0.051613 0.000000 0.003226 0.187097 0.016129 0.000000 0.000000 0.000000 0.000000 0.000000 0.138710 0.000000 0.000000 0.129032 0.000000
];
BOW_HOG_12_3=[
0.238095 0.000000 0.000000 0.000000 0.008658 0.000000 0.000000 0.251082 0.000000 0.069264 0.402597 0.000000 0.000000 0.000000 0.008658 0.000000 0.000000 0.000000 0.000000 0.000000 0.021645 0.000000 0.000000 0.000000 0.000000
];
BOW_HOG_12_4=[
0.000000 0.000000 0.000000 0.000000 0.000000 0.000000 0.000000 0.514286 0.000000 0.485714 0.000000 0.000000 0.000000 0.000000 0.000000 0.000000 0.000000 0.000000 0.000000 0.000000 0.000000 0.000000 0.000000 0.000000 0.000000
];
BOW_HOG_12_5=[
0.000000 0.000000 0.000000 0.000000 0.000000 0.000000 0.000000 0.000000 0.000000 0.463656 0.000000 0.000000 0.536344 0.000000 0.000000 0.000000 0.000000 0.000000 0.000000 0.000000 0.000000 0.000000 0.000000 0.000000 0.000000
];
BOW_HOG_12_6=[
0.033898 0.000000 0.000000 0.000000 0.000000 0.000000 0.000000 0.661017 0.000000 0.033898 0.000000 0.000000 0.118644 0.000000 0.000000 0.000000 0.000000 0.000000 0.000000 0.000000 0.152542 0.000000 0.000000 0.000000 0.000000
];
BOW_HOG_12_7=[
0.000000 0.000000 0.000000 0.000000 0.000000 0.000000 0.000000 1.000000 0.000000 0.000000 0.000000 0.000000 0.000000 0.000000 0.000000 0.000000 0.000000 0.000000 0.000000 0.000000 0.000000 0.000000 0.000000 0.000000 0.000000
];
BOW_HOG_1_1=[
0.142077 0.038251 0.071038 0.027322 0.076503 0.021858 0.032787 0.027322 0.043716 0.016393 0.010929 0.027322 0.060109 0.038251 0.065574 0.038251 0.032787 0.021858 0.021858 0.043716 0.021858 0.027322 0.021858 0.016393 0.054645
];
BOW_HOG_1_2=[
0.000000 0.000000 0.007143 0.032143 0.000000 0.000000 0.000000 0.253571 0.303571 0.125000 0.046429 0.017857 0.000000 0.007143 0.010714 0.003571 0.000000 0.000000 0.007143 0.000000 0.025000 0.000000 0.000000 0.160714 0.000000
];
BOW_HOG_1_3=[
0.000000 0.000000 0.000000 0.000000 0.000000 0.000000 0.183673 0.583673 0.000000 0.020408 0.171429 0.000000 0.000000 0.008163 0.000000 0.000000 0.000000 0.000000 0.000000 0.000000 0.020408 0.000000 0.000000 0.012245 0.000000
];
BOW_HOG_1_4=[
0.000000 0.000000 0.000000 0.000000 0.000000 0.000000 0.000000 0.439024 0.000000 0.000000 0.000000 0.000000 0.000000 0.341463 0.000000 0.121951 0.000000 0.000000 0.000000 0.000000 0.097561 0.000000 0.000000 0.000000 0.000000
];
BOW_HOG_1_5=[
0.000000 0.000000 0.000000 0.000000 0.000000 0.000000 0.000000 0.000000 1.000000 0.000000 0.000000 0.000000 0.000000 0.000000 0.000000 0.000000 0.000000 0.000000 0.000000 0.000000 0.000000 0.000000 0.000000 0.000000 0.000000
];
BOW_HOG_1_6=[
0.000000 0.000000 0.000000 0.000000 0.000000 0.000000 0.388235 0.011765 0.411765 0.058824 0.000000 0.000000 0.035294 0.000000 0.035294 0.000000 0.000000 0.000000 0.000000 0.000000 0.058824 0.000000 0.000000 0.000000 0.000000
];
BOW_HOG_1_7=[
0.000000 0.000000 0.000000 0.000000 0.000000 0.000000 0.000000 0.000000 1.000000 0.000000 0.000000 0.000000 0.000000 0.000000 0.000000 0.000000 0.000000 0.000000 0.000000 0.000000 0.000000 0.000000 0.000000 0.000000 0.000000
];
BOW_HOG_2_1=[
0.000000 0.000000 0.000000 0.000000 0.000000 0.000000 0.080189 0.853774 0.000000 0.004717 0.014151 0.000000 0.000000 0.000000 0.000000 0.000000 0.000000 0.000000 0.000000 0.000000 0.000000 0.000000 0.000000 0.047170 0.000000
];
BOW_HOG_2_2=[
0.005831 0.000000 0.000000 0.000000 0.000000 0.000000 0.011662 0.483965 0.172012 0.148688 0.011662 0.000000 0.014577 0.102041 0.017493 0.002915 0.000000 0.000000 0.000000 0.000000 0.008746 0.000000 0.000000 0.000000 0.020408
];
BOW_HOG_2_3=[
0.000000 0.000000 0.000000 0.000000 0.000000 0.000000 0.039841 0.832669 0.000000 0.119522 0.000000 0.000000 0.000000 0.000000 0.000000 0.000000 0.000000 0.000000 0.000000 0.000000 0.000000 0.000000 0.000000 0.007968 0.000000
];
BOW_HOG_2_4=[
0.000000 0.000000 0.000000 0.000000 0.000000 0.000000 0.000000 1.000000 0.000000 0.000000 0.000000 0.000000 0.000000 0.000000 0.000000 0.000000 0.000000 0.000000 0.000000 0.000000 0.000000 0.000000 0.000000 0.000000 0.000000
];
BOW_HOG_2_5=[
0.000000 0.000000 0.000000 0.000000 0.000000 0.000000 0.000000 0.000000 1.000000 0.000000 0.000000 0.000000 0.000000 0.000000 0.000000 0.000000 0.000000 0.000000 0.000000 0.000000 0.000000 0.000000 0.000000 0.000000 0.000000
];
BOW_HOG_2_6=[
0.000000 0.000000 0.000000 0.093750 0.000000 0.000000 0.510417 0.010417 0.333333 0.010417 0.000000 0.000000 0.020833 0.010417 0.000000 0.000000 0.000000 0.000000 0.000000 0.000000 0.010417 0.000000 0.000000 0.000000 0.000000
];
BOW_HOG_2_7=[
0.000000 0.000000 0.000000 0.000000 0.000000 0.000000 0.000000 0.000000 1.000000 0.000000 0.000000 0.000000 0.000000 0.000000 0.000000 0.000000 0.000000 0.000000 0.000000 0.000000 0.000000 0.000000 0.000000 0.000000 0.000000
];
BOW_HOG_3_1=[
0.000000 0.000000 0.000000 0.000000 0.000000 0.000000 0.146341 0.103659 0.000000 0.006098 0.036585 0.000000 0.000000 0.054878 0.000000 0.000000 0.000000 0.000000 0.000000 0.000000 0.006098 0.000000 0.000000 0.646341 0.000000
];
BOW_HOG_3_2=[
0.000000 0.000000 0.013937 0.000000 0.000000 0.000000 0.125436 0.257840 0.177700 0.257840 0.017422 0.000000 0.038328 0.003484 0.020906 0.000000 0.000000 0.000000 0.000000 0.000000 0.045296 0.000000 0.000000 0.041812 0.000000
];
BOW_HOG_3_3=[
0.000000 0.000000 0.000000 0.000000 0.000000 0.000000 0.089947 0.629630 0.000000 0.190476 0.058201 0.000000 0.000000 0.000000 0.010582 0.000000 0.000000 0.000000 0.000000 0.000000 0.000000 0.000000 0.000000 0.021164 0.000000
];
BOW_HOG_3_5=[
0.000000 0.000000 0.000000 0.000000 0.000000 0.000000 0.000000 0.000000 1.000000 0.000000 0.000000 0.000000 0.000000 0.000000 0.000000 0.000000 0.000000 0.000000 0.000000 0.000000 0.000000 0.000000 0.000000 0.000000 0.000000
];
BOW_HOG_3_6=[
0.000000 0.000000 0.000000 0.000000 0.000000 0.000000 0.120690 0.137931 0.327586 0.017241 0.051724 0.000000 0.017241 0.000000 0.068966 0.000000 0.000000 0.000000 0.000000 0.000000 0.241379 0.000000 0.000000 0.017241 0.000000
];
BOW_HOG_3_7=[
0.000000 0.000000 0.000000 0.000000 0.000000 0.000000 0.000000 0.000000 1.000000 0.000000 0.000000 0.000000 0.000000 0.000000 0.000000 0.000000 0.000000 0.000000 0.000000 0.000000 0.000000 0.000000 0.000000 0.000000 0.000000
];
BOW_HOG_4_1=[
0.000000 0.000000 0.000000 0.000000 0.000000 0.000000 0.000000 0.000000 0.000000 0.511765 0.000000 0.141176 0.000000 0.270588 0.000000 0.000000 0.000000 0.000000 0.000000 0.000000 0.000000 0.000000 0.000000 0.076471 0.000000
];
BOW_HOG_4_2=[
0.000000 0.000000 0.000000 0.000000 0.000000 0.000000 0.097403 0.470779 0.000000 0.038961 0.009740 0.000000 0.000000 0.373377 0.000000 0.003247 0.000000 0.000000 0.000000 0.000000 0.000000 0.000000 0.000000 0.006494 0.000000
];
BOW_HOG_4_3=[
0.000000 0.000000 0.000000 0.000000 0.000000 0.000000 0.000000 0.762611 0.000000 0.002967 0.000000 0.000000 0.000000 0.234421 0.000000 0.000000 0.000000 0.000000 0.000000 0.000000 0.000000 0.000000 0.000000 0.000000 0.000000
];
BOW_HOG_4_4_1=[
0.000000 0.000000 0.000000 0.000000 0.000000 0.000000 0.000000 0.000000 0.000000 0.000000 0.000000 0.000000 0.000000 1.000000 0.000000 0.000000 0.000000 0.000000 0.000000 0.000000 0.000000 0.000000 0.000000 0.000000 0.000000
];
BOW_HOG_4_4_2=[
0.000000 0.000000 0.000000 0.000000 0.000000 0.000000 0.000000 0.000000 0.000000 0.000000 0.000000 0.000000 0.000000 1.000000 0.000000 0.000000 0.000000 0.000000 0.000000 0.000000 0.000000 0.000000 0.000000 0.000000 0.000000
];
BOW_HOG_4_5=[
0.000000 0.000000 0.000000 0.000000 0.000000 0.000000 0.000000 0.000000 0.000000 0.000000 0.000000 0.000000 0.259446 0.740554 0.000000 0.000000 0.000000 0.000000 0.000000 0.000000 0.000000 0.000000 0.000000 0.000000 0.000000
];
BOW_HOG_4_6=[
0.000000 0.000000 0.000000 0.000000 0.000000 0.000000 0.000000 0.388889 0.000000 0.027778 0.166667 0.000000 0.180556 0.208333 0.000000 0.000000 0.000000 0.000000 0.000000 0.000000 0.013889 0.000000 0.000000 0.013889 0.000000
];
BOW_HOG_4_7=[
0.000000 0.000000 0.000000 0.000000 0.000000 0.000000 0.000000 0.000000 0.000000 0.000000 0.000000 0.000000 0.000000 1.000000 0.000000 0.000000 0.000000 0.000000 0.000000 0.000000 0.000000 0.000000 0.000000 0.000000 0.000000
];
BOW_HOG_5_1=[
0.000000 0.000000 0.000000 0.000000 0.000000 0.000000 0.000000 0.161290 0.000000 0.761290 0.000000 0.000000 0.000000 0.000000 0.000000 0.000000 0.000000 0.000000 0.000000 0.000000 0.000000 0.000000 0.000000 0.077419 0.000000
];
BOW_HOG_5_2=[
0.000000 0.000000 0.000000 0.000000 0.000000 0.000000 0.031250 0.488281 0.000000 0.328125 0.048828 0.000000 0.076172 0.007812 0.000000 0.000000 0.000000 0.000000 0.000000 0.000000 0.013672 0.000000 0.000000 0.005859 0.000000
];
BOW_HOG_5_3=[
0.000000 0.000000 0.000000 0.000000 0.000000 0.000000 0.008247 0.944330 0.000000 0.006186 0.028866 0.000000 0.000000 0.012371 0.000000 0.000000 0.000000 0.000000 0.000000 0.000000 0.000000 0.000000 0.000000 0.000000 0.000000
];
BOW_HOG_5_4=[
0.000000 0.000000 0.000000 0.000000 0.000000 0.000000 0.000000 0.000000 0.129032 0.000000 0.000000 0.000000 0.000000 0.870968 0.000000 0.000000 0.000000 0.000000 0.000000 0.000000 0.000000 0.000000 0.000000 0.000000 0.000000
];
BOW_HOG_5_5=[
0.000000 0.000000 0.000000 0.000000 0.000000 0.000000 0.000000 0.000000 1.000000 0.000000 0.000000 0.000000 0.000000 0.000000 0.000000 0.000000 0.000000 0.000000 0.000000 0.000000 0.000000 0.000000 0.000000 0.000000 0.000000
];
BOW_HOG_5_6=[
0.000000 0.000000 0.000000 0.000000 0.000000 0.000000 0.000000 0.571429 0.000000 0.142857 0.000000 0.000000 0.000000 0.250000 0.000000 0.035714 0.000000 0.000000 0.000000 0.000000 0.000000 0.000000 0.000000 0.000000 0.000000
];
BOW_HOG_5_7=[
0.000000 0.000000 0.000000 0.000000 0.000000 0.000000 0.000000 0.000000 1.000000 0.000000 0.000000 0.000000 0.000000 0.000000 0.000000 0.000000 0.000000 0.000000 0.000000 0.000000 0.000000 0.000000 0.000000 0.000000 0.000000
];
BOW_HOG_6_1=[
0.000000 0.000000 0.000000 0.000000 0.000000 0.000000 0.000000 0.469799 0.000000 0.510067 0.000000 0.000000 0.000000 0.000000 0.000000 0.000000 0.000000 0.000000 0.000000 0.000000 0.000000 0.000000 0.000000 0.020134 0.000000
];
BOW_HOG_6_2=[
0.006452 0.000000 0.000000 0.000000 0.000000 0.000000 0.025806 0.654839 0.045161 0.064516 0.000000 0.000000 0.032258 0.000000 0.003226 0.000000 0.000000 0.000000 0.000000 0.000000 0.167742 0.000000 0.000000 0.000000 0.000000
];
BOW_HOG_6_3=[
0.000000 0.000000 0.000000 0.000000 0.000000 0.000000 0.000000 1.000000 0.000000 0.000000 0.000000 0.000000 0.000000 0.000000 0.000000 0.000000 0.000000 0.000000 0.000000 0.000000 0.000000 0.000000 0.000000 0.000000 0.000000
];
BOW_HOG_6_4=[
0.000000 0.000000 0.000000 0.000000 0.000000 0.000000 0.000000 0.000000 0.000000 1.000000 0.000000 0.000000 0.000000 0.000000 0.000000 0.000000 0.000000 0.000000 0.000000 0.000000 0.000000 0.000000 0.000000 0.000000 0.000000
];
BOW_HOG_6_5=[
0.000000 0.000000 0.000000 0.000000 0.000000 0.000000 0.000000 0.000000 1.000000 0.000000 0.000000 0.000000 0.000000 0.000000 0.000000 0.000000 0.000000 0.000000 0.000000 0.000000 0.000000 0.000000 0.000000 0.000000 0.000000
];
BOW_HOG_6_6=[
0.056338 0.000000 0.000000 0.000000 0.000000 0.000000 0.028169 0.267606 0.239437 0.070423 0.014085 0.000000 0.098592 0.028169 0.098592 0.014085 0.000000 0.000000 0.000000 0.000000 0.042254 0.000000 0.000000 0.042254 0.000000
];
BOW_HOG_6_7=[
0.000000 0.000000 0.000000 0.000000 0.000000 0.000000 0.000000 0.000000 1.000000 0.000000 0.000000 0.000000 0.000000 0.000000 0.000000 0.000000 0.000000 0.000000 0.000000 0.000000 0.000000 0.000000 0.000000 0.000000 0.000000
];
BOW_HOG_7_1=[
0.000000 0.000000 0.000000 0.000000 0.000000 0.000000 0.000000 0.838983 0.000000 0.118644 0.000000 0.000000 0.000000 0.025424 0.000000 0.000000 0.000000 0.000000 0.000000 0.000000 0.000000 0.000000 0.000000 0.016949 0.000000
];
BOW_HOG_7_2=[
0.000000 0.000000 0.000000 0.000000 0.000000 0.000000 0.017964 0.583832 0.029940 0.101796 0.005988 0.000000 0.000000 0.161677 0.000000 0.000000 0.000000 0.000000 0.000000 0.000000 0.008982 0.000000 0.000000 0.089820 0.000000
];
BOW_HOG_7_3=[
0.000000 0.000000 0.000000 0.000000 0.000000 0.000000 0.000000 0.938144 0.000000 0.000000 0.010309 0.000000 0.000000 0.000000 0.000000 0.000000 0.000000 0.000000 0.000000 0.000000 0.000000 0.000000 0.000000 0.051546 0.000000
];
BOW_HOG_7_4=[
0.000000 0.000000 0.000000 0.000000 0.000000 0.000000 0.000000 0.795918 0.102041 0.040816 0.000000 0.000000 0.000000 0.061224 0.000000 0.000000 0.000000 0.000000 0.000000 0.000000 0.000000 0.000000 0.000000 0.000000 0.000000
];
BOW_HOG_7_5=[
0.000000 0.000000 0.000000 0.000000 0.000000 0.000000 0.000000 0.000000 1.000000 0.000000 0.000000 0.000000 0.000000 0.000000 0.000000 0.000000 0.000000 0.000000 0.000000 0.000000 0.000000 0.000000 0.000000 0.000000 0.000000
];
BOW_HOG_7_6=[
0.000000 0.000000 0.000000 0.000000 0.000000 0.000000 0.029412 0.632353 0.000000 0.279412 0.000000 0.000000 0.014706 0.014706 0.000000 0.000000 0.000000 0.000000 0.000000 0.000000 0.014706 0.000000 0.000000 0.014706 0.000000
];
BOW_HOG_7_7=[
0.000000 0.000000 0.000000 0.000000 0.000000 0.000000 0.000000 0.000000 1.000000 0.000000 0.000000 0.000000 0.000000 0.000000 0.000000 0.000000 0.000000 0.000000 0.000000 0.000000 0.000000 0.000000 0.000000 0.000000 0.000000
];
BOW_HOG_8_1=[
0.000000 0.000000 0.000000 0.000000 0.000000 0.000000 0.000000 0.243243 0.018018 0.648649 0.000000 0.000000 0.018018 0.018018 0.000000 0.000000 0.000000 0.000000 0.000000 0.000000 0.000000 0.000000 0.000000 0.054054 0.000000
];
BOW_HOG_8_2=[
0.025253 0.010101 0.000000 0.000000 0.000000 0.000000 0.065657 0.222222 0.257576 0.126263 0.000000 0.000000 0.000000 0.191919 0.000000 0.010101 0.000000 0.000000 0.000000 0.000000 0.010101 0.000000 0.000000 0.080808 0.000000
];
BOW_HOG_8_3=[
0.000000 0.000000 0.000000 0.000000 0.000000 0.000000 0.012739 0.191083 0.025478 0.184713 0.000000 0.000000 0.006369 0.012739 0.000000 0.000000 0.000000 0.000000 0.000000 0.000000 0.000000 0.000000 0.000000 0.566879 0.000000
];
BOW_HOG_8_4=[
0.000000 0.000000 0.000000 0.000000 0.000000 0.000000 0.000000 0.000000 0.000000 0.000000 0.000000 0.000000 0.000000 0.960784 0.000000 0.000000 0.000000 0.000000 0.000000 0.000000 0.000000 0.000000 0.000000 0.039216 0.000000
];
BOW_HOG_8_5=[
0.000000 0.000000 0.000000 0.000000 0.000000 0.000000 0.000000 0.000000 1.000000 0.000000 0.000000 0.000000 0.000000 0.000000 0.000000 0.000000 0.000000 0.000000 0.000000 0.000000 0.000000 0.000000 0.000000 0.000000 0.000000
];
BOW_HOG_8_6=[
0.000000 0.000000 0.011111 0.000000 0.000000 0.000000 0.222222 0.066667 0.111111 0.355556 0.000000 0.000000 0.066667 0.100000 0.000000 0.000000 0.000000 0.000000 0.000000 0.000000 0.000000 0.000000 0.000000 0.055556 0.011111
];
BOW_HOG_8_7=[
0.000000 0.000000 0.000000 0.000000 0.000000 0.000000 0.000000 0.000000 1.000000 0.000000 0.000000 0.000000 0.000000 0.000000 0.000000 0.000000 0.000000 0.000000 0.000000 0.000000 0.000000 0.000000 0.000000 0.000000 0.000000
];
BOW_HOG_9_1=[
0.000000 0.000000 0.000000 0.000000 0.000000 0.000000 0.000000 0.057613 0.000000 0.407407 0.000000 0.000000 0.185185 0.193416 0.000000 0.000000 0.000000 0.000000 0.000000 0.000000 0.000000 0.000000 0.000000 0.152263 0.004115
];
BOW_HOG_9_2=[
0.000000 0.000000 0.014245 0.000000 0.000000 0.000000 0.108262 0.150997 0.000000 0.079772 0.005698 0.000000 0.014245 0.413105 0.000000 0.054131 0.000000 0.000000 0.000000 0.000000 0.002849 0.000000 0.000000 0.148148 0.008547
];
BOW_HOG_9_3=[
0.000000 0.000000 0.000000 0.000000 0.000000 0.000000 0.000000 0.684874 0.000000 0.000000 0.000000 0.000000 0.000000 0.298319 0.000000 0.016807 0.000000 0.000000 0.000000 0.000000 0.000000 0.000000 0.000000 0.000000 0.000000
];
BOW_HOG_9_4=[
0.000000 0.000000 0.000000 0.000000 0.000000 0.000000 0.000000 0.000000 0.000000 0.000000 0.000000 0.000000 0.000000 1.000000 0.000000 0.000000 0.000000 0.000000 0.000000 0.000000 0.000000 0.000000 0.000000 0.000000 0.000000
];
BOW_HOG_9_5=[
0.000000 0.000000 0.001855 0.000000 0.000000 0.000000 0.000000 0.000000 0.000000 0.918367 0.000000 0.000000 0.079777 0.000000 0.000000 0.000000 0.000000 0.000000 0.000000 0.000000 0.000000 0.000000 0.000000 0.000000 0.000000
];
BOW_HOG_9_6=[
0.000000 0.000000 0.000000 0.000000 0.018868 0.000000 0.358491 0.094340 0.000000 0.169811 0.000000 0.000000 0.018868 0.283019 0.000000 0.000000 0.000000 0.000000 0.000000 0.000000 0.018868 0.000000 0.000000 0.037736 0.000000
];
BOW_HOG_9_7=[
0.000000 0.000000 0.061224 0.000000 0.000000 0.000000 0.000000 0.000000 0.000000 0.163265 0.000000 0.000000 0.000000 0.775510 0.000000 0.000000 0.000000 0.000000 0.000000 0.000000 0.000000 0.000000 0.000000 0.000000 0.000000
];
BOW_HOF_10_1=[
0.113043 0.000000 0.000000 0.004348 0.104348 0.000000 0.000000 0.004348 0.000000 0.086957 0.456522 0.082609 0.000000 0.000000 0.000000 0.000000 0.000000 0.052174 0.004348 0.000000 0.000000 0.000000 0.008696 0.078261 0.004348
];
BOW_HOF_10_2=[
0.038627 0.002146 0.000000 0.010730 0.156652 0.000000 0.008584 0.010730 0.002146 0.094421 0.474249 0.077253 0.000000 0.012876 0.002146 0.000000 0.004292 0.057940 0.000000 0.002146 0.015021 0.008584 0.006438 0.015021 0.000000
];
BOW_HOF_10_3=[
0.050314 0.006289 0.003145 0.003145 0.160377 0.000000 0.003145 0.022013 0.003145 0.031447 0.440252 0.081761 0.000000 0.031447 0.009434 0.000000 0.006289 0.053459 0.000000 0.003145 0.031447 0.028302 0.000000 0.025157 0.006289
];
BOW_HOF_10_4=[
0.377049 0.000000 0.000000 0.000000 0.000000 0.000000 0.000000 0.000000 0.000000 0.000000 0.557377 0.016393 0.000000 0.000000 0.000000 0.000000 0.000000 0.032787 0.000000 0.000000 0.000000 0.000000 0.000000 0.016393 0.000000
];
BOW_HOF_10_5=[
0.018199 0.000000 0.000000 0.000000 0.000958 0.000000 0.000000 0.000000 0.000000 0.001916 0.762452 0.189655 0.000000 0.024904 0.000000 0.000000 0.000000 0.000958 0.000000 0.000000 0.000000 0.000000 0.000000 0.000958 0.000000
];
BOW_HOF_10_6=[
0.152778 0.000000 0.000000 0.013889 0.027778 0.000000 0.000000 0.013889 0.013889 0.027778 0.500000 0.000000 0.000000 0.055556 0.000000 0.000000 0.013889 0.055556 0.027778 0.000000 0.000000 0.013889 0.069444 0.013889 0.000000
];
BOW_HOF_10_7=[
0.254717 0.000000 0.000000 0.000000 0.037736 0.000000 0.000000 0.000000 0.000000 0.000000 0.622642 0.037736 0.000000 0.000000 0.000000 0.000000 0.000000 0.000000 0.000000 0.000000 0.000000 0.000000 0.000000 0.047170 0.000000
];
BOW_HOF_11_1=[
0.067797 0.000000 0.000000 0.000000 0.008475 0.000000 0.016949 0.008475 0.000000 0.059322 0.559322 0.118644 0.000000 0.033898 0.000000 0.000000 0.000000 0.110169 0.000000 0.016949 0.000000 0.000000 0.000000 0.000000 0.000000
];
BOW_HOF_11_2=[
0.051282 0.002564 0.000000 0.005128 0.158974 0.000000 0.005128 0.010256 0.007692 0.097436 0.410256 0.082051 0.000000 0.033333 0.002564 0.000000 0.000000 0.066667 0.002564 0.002564 0.012821 0.000000 0.020513 0.023077 0.005128
];
BOW_HOF_11_3=[
0.021552 0.000000 0.000000 0.004310 0.163793 0.000000 0.004310 0.004310 0.000000 0.034483 0.443966 0.146552 0.000000 0.017241 0.000000 0.000000 0.004310 0.077586 0.000000 0.004310 0.017241 0.000000 0.043103 0.012931 0.000000
];
BOW_HOF_11_4=[
0.075000 0.000000 0.000000 0.000000 0.012500 0.000000 0.000000 0.000000 0.000000 0.000000 0.887500 0.000000 0.000000 0.000000 0.000000 0.000000 0.000000 0.025000 0.000000 0.000000 0.000000 0.000000 0.000000 0.000000 0.000000
];
BOW_HOF_11_5=[
0.099217 0.000000 0.000000 0.000000 0.041775 0.000000 0.019582 0.000000 0.000000 0.000000 0.715405 0.003916 0.000000 0.000000 0.000000 0.000000 0.001305 0.093995 0.000000 0.000000 0.000000 0.000000 0.007833 0.016971 0.000000
];
BOW_HOF_11_6=[
0.233333 0.000000 0.000000 0.000000 0.000000 0.000000 0.016667 0.000000 0.000000 0.050000 0.383333 0.066667 0.000000 0.000000 0.016667 0.000000 0.016667 0.150000 0.000000 0.016667 0.000000 0.000000 0.016667 0.033333 0.000000
];
BOW_HOF_11_7=[
0.424460 0.000000 0.000000 0.000000 0.014388 0.000000 0.007194 0.000000 0.000000 0.000000 0.453237 0.028777 0.000000 0.000000 0.000000 0.000000 0.000000 0.071942 0.000000 0.000000 0.000000 0.000000 0.000000 0.000000 0.000000
];
BOW_HOF_12_1=[
0.000000 0.000000 0.000000 0.000000 0.100000 0.000000 0.000000 0.020000 0.000000 0.086667 0.606667 0.000000 0.000000 0.033333 0.006667 0.000000 0.066667 0.046667 0.000000 0.000000 0.000000 0.000000 0.026667 0.000000 0.006667
];
BOW_HOF_12_2=[
0.012903 0.003226 0.003226 0.006452 0.200000 0.000000 0.006452 0.003226 0.029032 0.074194 0.335484 0.080645 0.000000 0.058065 0.003226 0.000000 0.003226 0.087097 0.003226 0.000000 0.025806 0.003226 0.032258 0.029032 0.000000
];
BOW_HOF_12_3=[
0.012987 0.000000 0.000000 0.008658 0.134199 0.000000 0.034632 0.012987 0.000000 0.082251 0.380952 0.012987 0.000000 0.034632 0.012987 0.000000 0.012987 0.151515 0.004329 0.004329 0.017316 0.008658 0.056277 0.017316 0.000000
];
BOW_HOF_12_4=[
0.000000 0.000000 0.000000 0.000000 0.042857 0.000000 0.000000 0.000000 0.000000 0.028571 0.900000 0.000000 0.000000 0.014286 0.000000 0.000000 0.000000 0.000000 0.000000 0.000000 0.000000 0.000000 0.014286 0.000000 0.000000
];
BOW_HOF_12_5=[
0.375551 0.000000 0.000000 0.000000 0.000000 0.000000 0.000000 0.000000 0.000000 0.003304 0.612335 0.001101 0.000000 0.000000 0.000000 0.000000 0.000000 0.000000 0.000000 0.000000 0.000000 0.000000 0.000000 0.007709 0.000000
];
BOW_HOF_12_6=[
0.084746 0.000000 0.000000 0.000000 0.067797 0.000000 0.016949 0.033898 0.033898 0.033898 0.423729 0.033898 0.000000 0.067797 0.000000 0.000000 0.016949 0.101695 0.000000 0.000000 0.000000 0.000000 0.050847 0.016949 0.016949
];
BOW_HOF_12_7=[
0.106667 0.013333 0.013333 0.000000 0.226667 0.000000 0.000000 0.026667 0.000000 0.000000 0.413333 0.000000 0.000000 0.026667 0.000000 0.000000 0.160000 0.000000 0.000000 0.013333 0.000000 0.000000 0.000000 0.000000 0.000000
];
BOW_HOF_1_1=[
0.087432 0.060109 0.027322 0.010929 0.092896 0.021858 0.010929 0.076503 0.010929 0.049180 0.098361 0.027322 0.010929 0.032787 0.016393 0.005464 0.060109 0.060109 0.010929 0.049180 0.021858 0.038251 0.016393 0.076503 0.027322
];
BOW_HOF_1_2=[
0.107143 0.003571 0.003571 0.000000 0.160714 0.000000 0.003571 0.017857 0.014286 0.017857 0.453571 0.007143 0.000000 0.014286 0.000000 0.000000 0.000000 0.110714 0.000000 0.007143 0.017857 0.003571 0.003571 0.053571 0.000000
];
BOW_HOF_1_3=[
0.130612 0.004082 0.004082 0.000000 0.012245 0.000000 0.004082 0.020408 0.028571 0.130612 0.395918 0.020408 0.000000 0.004082 0.004082 0.000000 0.004082 0.146939 0.004082 0.000000 0.036735 0.000000 0.008163 0.040816 0.000000
];
BOW_HOF_1_4=[
0.097561 0.000000 0.000000 0.000000 0.024390 0.000000 0.000000 0.073171 0.000000 0.000000 0.658537 0.000000 0.000000 0.000000 0.000000 0.000000 0.000000 0.000000 0.000000 0.024390 0.000000 0.000000 0.000000 0.121951 0.000000
];
BOW_HOF_1_5=[
0.009195 0.000000 0.000000 0.000000 0.004598 0.000000 0.000000 0.000000 0.000000 0.000000 0.979310 0.006897 0.000000 0.000000 0.000000 0.000000 0.000000 0.000000 0.000000 0.000000 0.000000 0.000000 0.000000 0.000000 0.000000
];
BOW_HOF_1_6=[
0.200000 0.000000 0.000000 0.000000 0.105882 0.000000 0.011765 0.011765 0.011765 0.035294 0.388235 0.023529 0.000000 0.000000 0.000000 0.000000 0.000000 0.082353 0.000000 0.000000 0.000000 0.011765 0.000000 0.117647 0.000000
];
BOW_HOF_1_7=[
0.119403 0.000000 0.000000 0.000000 0.007463 0.000000 0.000000 0.000000 0.000000 0.000000 0.820896 0.014925 0.000000 0.014925 0.000000 0.000000 0.000000 0.000000 0.000000 0.000000 0.000000 0.000000 0.000000 0.022388 0.000000
];
BOW_HOF_2_1=[
0.202830 0.000000 0.000000 0.004717 0.150943 0.000000 0.004717 0.009434 0.000000 0.042453 0.419811 0.042453 0.000000 0.000000 0.000000 0.000000 0.000000 0.056604 0.004717 0.000000 0.009434 0.000000 0.014151 0.033019 0.004717
];
BOW_HOF_2_2=[
0.034985 0.002915 0.000000 0.008746 0.177843 0.000000 0.002915 0.005831 0.023324 0.023324 0.478134 0.034985 0.000000 0.000000 0.002915 0.000000 0.008746 0.119534 0.002915 0.002915 0.014577 0.002915 0.014577 0.034985 0.002915
];
BOW_HOF_2_3=[
0.087649 0.000000 0.000000 0.007968 0.111554 0.000000 0.000000 0.011952 0.007968 0.047809 0.478088 0.059761 0.000000 0.000000 0.000000 0.000000 0.000000 0.083665 0.000000 0.000000 0.031873 0.007968 0.007968 0.055777 0.000000
];
BOW_HOF_2_4=[
0.000000 0.000000 0.000000 0.032258 0.096774 0.000000 0.000000 0.000000 0.000000 0.000000 0.838710 0.000000 0.000000 0.000000 0.000000 0.000000 0.000000 0.032258 0.000000 0.000000 0.000000 0.000000 0.000000 0.000000 0.000000
];
BOW_HOF_2_5=[
0.000000 0.000000 0.000000 0.000000 0.000000 0.000000 0.000000 0.000000 0.000000 0.000000 0.966667 0.000000 0.000000 0.000000 0.000000 0.000000 0.000000 0.033333 0.000000 0.000000 0.000000 0.000000 0.000000 0.000000 0.000000
];
BOW_HOF_2_6=[
0.166667 0.000000 0.000000 0.000000 0.020833 0.000000 0.010417 0.000000 0.000000 0.020833 0.614583 0.010417 0.000000 0.000000 0.000000 0.000000 0.010417 0.072917 0.000000 0.000000 0.010417 0.000000 0.000000 0.052083 0.010417
];
BOW_HOF_2_7=[
0.243902 0.000000 0.000000 0.000000 0.000000 0.000000 0.000000 0.000000 0.000000 0.006098 0.737805 0.000000 0.000000 0.000000 0.000000 0.000000 0.000000 0.000000 0.000000 0.000000 0.000000 0.000000 0.000000 0.012195 0.000000
];
BOW_HOF_3_1=[
0.054878 0.000000 0.000000 0.006098 0.176829 0.000000 0.012195 0.006098 0.000000 0.042683 0.463415 0.091463 0.000000 0.018293 0.000000 0.000000 0.012195 0.067073 0.000000 0.000000 0.012195 0.000000 0.024390 0.012195 0.000000
];
BOW_HOF_3_2=[
0.076655 0.003484 0.006969 0.003484 0.142857 0.000000 0.000000 0.024390 0.020906 0.080139 0.418118 0.048780 0.000000 0.013937 0.000000 0.000000 0.006969 0.041812 0.000000 0.000000 0.017422 0.010453 0.010453 0.069686 0.003484
];
BOW_HOF_3_3=[
0.047619 0.000000 0.000000 0.000000 0.132275 0.000000 0.005291 0.015873 0.026455 0.089947 0.455026 0.063492 0.000000 0.026455 0.000000 0.000000 0.000000 0.031746 0.010582 0.015873 0.005291 0.005291 0.010582 0.058201 0.000000
];
BOW_HOF_3_5=[
0.115265 0.000000 0.000000 0.000000 0.077882 0.000000 0.000000 0.000000 0.000000 0.000000 0.713396 0.006231 0.000000 0.000000 0.000000 0.000000 0.000000 0.000000 0.000000 0.000000 0.068536 0.009346 0.000000 0.009346 0.000000
];
BOW_HOF_3_6=[
0.017241 0.000000 0.000000 0.034483 0.103448 0.017241 0.000000 0.000000 0.000000 0.017241 0.431034 0.034483 0.000000 0.000000 0.034483 0.000000 0.068966 0.155172 0.000000 0.000000 0.000000 0.000000 0.034483 0.034483 0.017241
];
BOW_HOF_3_7=[
0.235849 0.009434 0.000000 0.000000 0.009434 0.000000 0.000000 0.018868 0.000000 0.018868 0.650943 0.000000 0.000000 0.009434 0.009434 0.000000 0.000000 0.009434 0.000000 0.018868 0.009434 0.000000 0.000000 0.000000 0.000000
];
BOW_HOF_4_1=[
0.376471 0.005882 0.000000 0.000000 0.041176 0.000000 0.000000 0.000000 0.000000 0.035294 0.382353 0.064706 0.000000 0.005882 0.000000 0.000000 0.000000 0.052941 0.000000 0.000000 0.000000 0.000000 0.029412 0.005882 0.000000
];
BOW_HOF_4_2=[
0.139610 0.000000 0.000000 0.006494 0.071429 0.000000 0.003247 0.016234 0.009740 0.051948 0.282468 0.103896 0.000000 0.012987 0.006494 0.000000 0.009740 0.129870 0.006494 0.000000 0.038961 0.012987 0.038961 0.051948 0.006494
];
BOW_HOF_4_3=[
0.148368 0.002967 0.000000 0.005935 0.044510 0.000000 0.002967 0.014837 0.002967 0.100890 0.364985 0.118694 0.000000 0.074184 0.002967 0.000000 0.008902 0.053412 0.000000 0.005935 0.002967 0.000000 0.005935 0.035608 0.002967
];
BOW_HOF_4_4_1=[
0.040000 0.000000 0.000000 0.000000 0.000000 0.000000 0.000000 0.000000 0.000000 0.000000 0.500000 0.440000 0.000000 0.000000 0.000000 0.000000 0.000000 0.020000 0.000000 0.000000 0.000000 0.000000 0.000000 0.000000 0.000000
];
BOW_HOF_4_4_2=[
0.068966 0.000000 0.000000 0.000000 0.000000 0.000000 0.000000 0.000000 0.000000 0.000000 0.568966 0.172414 0.000000 0.086207 0.000000 0.000000 0.000000 0.017241 0.000000 0.000000 0.000000 0.000000 0.000000 0.086207 0.000000
];
BOW_HOF_4_5=[
0.239295 0.007557 0.000000 0.000000 0.015113 0.000000 0.000000 0.015113 0.000000 0.000000 0.702771 0.007557 0.000000 0.000000 0.000000 0.000000 0.000000 0.000000 0.000000 0.000000 0.000000 0.000000 0.000000 0.012594 0.000000
];
BOW_HOF_4_6=[
0.069444 0.013889 0.000000 0.000000 0.055556 0.000000 0.000000 0.000000 0.041667 0.027778 0.625000 0.013889 0.000000 0.027778 0.000000 0.000000 0.000000 0.069444 0.000000 0.000000 0.000000 0.000000 0.013889 0.041667 0.000000
];
BOW_HOF_4_7=[
0.186047 0.000000 0.000000 0.000000 0.000000 0.000000 0.000000 0.000000 0.000000 0.000000 0.689922 0.000000 0.000000 0.007752 0.000000 0.000000 0.000000 0.000000 0.000000 0.000000 0.000000 0.000000 0.000000 0.116279 0.000000
];
BOW_HOF_5_1=[
0.006452 0.006452 0.000000 0.000000 0.232258 0.000000 0.012903 0.025806 0.000000 0.064516 0.432258 0.012903 0.000000 0.012903 0.000000 0.000000 0.025806 0.148387 0.000000 0.000000 0.000000 0.000000 0.006452 0.006452 0.006452
];
BOW_HOF_5_2=[
0.029297 0.001953 0.001953 0.001953 0.166016 0.001953 0.000000 0.013672 0.011719 0.066406 0.466797 0.064453 0.000000 0.027344 0.003906 0.000000 0.013672 0.054688 0.001953 0.001953 0.017578 0.013672 0.007812 0.025391 0.005859
];
BOW_HOF_5_3=[
0.049485 0.000000 0.004124 0.002062 0.134021 0.000000 0.002062 0.010309 0.006186 0.082474 0.379381 0.148454 0.000000 0.030928 0.016495 0.000000 0.002062 0.055670 0.002062 0.002062 0.020619 0.016495 0.008247 0.026804 0.000000
];
BOW_HOF_5_4=[
0.000000 0.000000 0.000000 0.000000 0.000000 0.000000 0.000000 0.000000 0.000000 0.000000 0.709677 0.177419 0.000000 0.000000 0.000000 0.000000 0.000000 0.064516 0.016129 0.000000 0.000000 0.000000 0.032258 0.000000 0.000000
];
BOW_HOF_5_5=[
0.003584 0.000000 0.000000 0.000000 0.078853 0.000000 0.000000 0.000000 0.000000 0.000000 0.899642 0.001792 0.000000 0.000000 0.000000 0.000000 0.000000 0.007168 0.000000 0.000000 0.000000 0.000000 0.000000 0.008961 0.000000
];
BOW_HOF_5_6=[
0.160714 0.000000 0.000000 0.000000 0.089286 0.000000 0.000000 0.000000 0.017857 0.035714 0.428571 0.053571 0.000000 0.071429 0.000000 0.000000 0.017857 0.035714 0.000000 0.000000 0.035714 0.017857 0.017857 0.017857 0.000000
];
BOW_HOF_5_7=[
0.000000 0.000000 0.000000 0.006803 0.306122 0.000000 0.000000 0.061224 0.006803 0.000000 0.551020 0.013605 0.000000 0.020408 0.000000 0.000000 0.006803 0.013605 0.000000 0.000000 0.000000 0.000000 0.000000 0.013605 0.000000
];
BOW_HOF_6_1=[
0.000000 0.000000 0.000000 0.000000 0.348993 0.000000 0.046980 0.000000 0.006711 0.067114 0.335570 0.026846 0.000000 0.006711 0.006711 0.000000 0.013423 0.080537 0.000000 0.000000 0.000000 0.000000 0.040268 0.020134 0.000000
];
BOW_HOF_6_2=[
0.009677 0.003226 0.000000 0.000000 0.158065 0.000000 0.012903 0.012903 0.009677 0.035484 0.467742 0.083871 0.000000 0.025806 0.003226 0.000000 0.012903 0.112903 0.006452 0.000000 0.009677 0.009677 0.009677 0.016129 0.000000
];
BOW_HOF_6_3=[
0.010050 0.000000 0.000000 0.000000 0.165829 0.000000 0.000000 0.040201 0.000000 0.035176 0.437186 0.130653 0.000000 0.010050 0.000000 0.000000 0.005025 0.070352 0.025126 0.005025 0.015075 0.000000 0.030151 0.020101 0.000000
];
BOW_HOF_6_4=[
0.000000 0.000000 0.000000 0.000000 0.154762 0.000000 0.023810 0.000000 0.000000 0.011905 0.702381 0.011905 0.000000 0.000000 0.000000 0.000000 0.000000 0.047619 0.000000 0.000000 0.000000 0.000000 0.047619 0.000000 0.000000
];
BOW_HOF_6_5=[
0.001466 0.000000 0.000000 0.000000 0.284457 0.000000 0.000000 0.007331 0.002933 0.007331 0.661290 0.004399 0.000000 0.000000 0.000000 0.000000 0.002933 0.021994 0.000000 0.000000 0.001466 0.000000 0.000000 0.004399 0.000000
];
BOW_HOF_6_6=[
0.014085 0.000000 0.000000 0.014085 0.154930 0.000000 0.000000 0.028169 0.014085 0.014085 0.408451 0.028169 0.000000 0.098592 0.000000 0.000000 0.014085 0.070423 0.000000 0.000000 0.000000 0.000000 0.028169 0.098592 0.014085
];
BOW_HOF_6_7=[
0.027211 0.000000 0.000000 0.000000 0.401361 0.000000 0.000000 0.006803 0.000000 0.006803 0.380952 0.013605 0.000000 0.000000 0.000000 0.000000 0.000000 0.061224 0.006803 0.000000 0.000000 0.000000 0.000000 0.095238 0.000000
];
BOW_HOF_7_1=[
0.008475 0.000000 0.000000 0.008475 0.118644 0.000000 0.008475 0.000000 0.000000 0.127119 0.466102 0.067797 0.000000 0.076271 0.008475 0.000000 0.008475 0.059322 0.000000 0.000000 0.008475 0.008475 0.008475 0.008475 0.008475
];
BOW_HOF_7_2=[
0.017964 0.008982 0.002994 0.005988 0.176647 0.002994 0.002994 0.041916 0.008982 0.098802 0.305389 0.056886 0.000000 0.044910 0.005988 0.002994 0.020958 0.077844 0.005988 0.000000 0.032934 0.017964 0.035928 0.020958 0.002994
];
BOW_HOF_7_3=[
0.036082 0.000000 0.000000 0.010309 0.051546 0.000000 0.020619 0.015464 0.015464 0.030928 0.407216 0.051546 0.000000 0.005155 0.000000 0.000000 0.000000 0.262887 0.005155 0.000000 0.015464 0.005155 0.056701 0.005155 0.005155
];
BOW_HOF_7_4=[
0.000000 0.000000 0.000000 0.000000 0.020408 0.000000 0.040816 0.040816 0.000000 0.000000 0.469388 0.102041 0.000000 0.000000 0.000000 0.000000 0.000000 0.285714 0.000000 0.020408 0.000000 0.000000 0.000000 0.000000 0.020408
];
BOW_HOF_7_5=[
0.000945 0.000000 0.000000 0.000000 0.235350 0.000000 0.017013 0.005671 0.000000 0.000000 0.718336 0.001890 0.000000 0.000000 0.000000 0.000000 0.007561 0.009452 0.000000 0.000000 0.000000 0.000000 0.001890 0.000000 0.001890
];
BOW_HOF_7_6=[
0.029412 0.000000 0.000000 0.029412 0.029412 0.000000 0.000000 0.029412 0.029412 0.029412 0.588235 0.029412 0.000000 0.014706 0.000000 0.000000 0.014706 0.132353 0.000000 0.000000 0.014706 0.000000 0.014706 0.014706 0.000000
];
BOW_HOF_7_7=[
0.000000 0.000000 0.000000 0.000000 0.207317 0.000000 0.000000 0.030488 0.000000 0.006098 0.664634 0.000000 0.000000 0.000000 0.000000 0.000000 0.024390 0.030488 0.006098 0.000000 0.000000 0.000000 0.012195 0.006098 0.012195
];
BOW_HOF_8_1=[
0.000000 0.009009 0.000000 0.027027 0.216216 0.009009 0.009009 0.045045 0.000000 0.054054 0.405405 0.018018 0.000000 0.027027 0.009009 0.000000 0.045045 0.054054 0.000000 0.009009 0.009009 0.000000 0.054054 0.000000 0.000000
];
BOW_HOF_8_2=[
0.035354 0.010101 0.000000 0.005051 0.101010 0.000000 0.005051 0.030303 0.040404 0.065657 0.262626 0.111111 0.000000 0.075758 0.010101 0.005051 0.000000 0.121212 0.000000 0.010101 0.020202 0.020202 0.015152 0.050505 0.005051
];
BOW_HOF_8_3=[
0.000000 0.000000 0.006369 0.019108 0.127389 0.000000 0.000000 0.019108 0.006369 0.082803 0.464968 0.076433 0.000000 0.063694 0.006369 0.000000 0.006369 0.070064 0.006369 0.000000 0.012739 0.000000 0.019108 0.006369 0.006369
];
BOW_HOF_8_4=[
0.039216 0.000000 0.000000 0.000000 0.039216 0.000000 0.000000 0.019608 0.000000 0.000000 0.823529 0.000000 0.000000 0.000000 0.000000 0.000000 0.000000 0.039216 0.000000 0.000000 0.000000 0.000000 0.000000 0.039216 0.000000
];
BOW_HOF_8_5=[
0.002488 0.000000 0.000000 0.000000 0.139303 0.000000 0.000000 0.000000 0.000000 0.000000 0.855721 0.000000 0.000000 0.000000 0.000000 0.000000 0.000000 0.002488 0.000000 0.000000 0.000000 0.000000 0.000000 0.000000 0.000000
];
BOW_HOF_8_6=[
0.044444 0.000000 0.000000 0.000000 0.277778 0.000000 0.011111 0.000000 0.022222 0.033333 0.444444 0.000000 0.000000 0.011111 0.000000 0.000000 0.022222 0.066667 0.000000 0.000000 0.022222 0.000000 0.000000 0.044444 0.000000
];
BOW_HOF_8_7=[
0.015504 0.007752 0.000000 0.000000 0.379845 0.000000 0.000000 0.031008 0.007752 0.000000 0.558140 0.000000 0.000000 0.000000 0.000000 0.000000 0.000000 0.000000 0.000000 0.000000 0.000000 0.000000 0.000000 0.000000 0.000000
];
BOW_HOF_9_1=[
0.139918 0.000000 0.000000 0.000000 0.197531 0.000000 0.037037 0.000000 0.000000 0.032922 0.382716 0.032922 0.000000 0.024691 0.004115 0.000000 0.000000 0.115226 0.000000 0.000000 0.000000 0.000000 0.012346 0.020576 0.000000
];
BOW_HOF_9_2=[
0.039886 0.005698 0.002849 0.008547 0.099715 0.000000 0.002849 0.008547 0.011396 0.054131 0.498575 0.045584 0.000000 0.011396 0.000000 0.000000 0.002849 0.122507 0.005698 0.005698 0.011396 0.008547 0.017094 0.037037 0.000000
];
BOW_HOF_9_3=[
0.092437 0.000000 0.000000 0.008403 0.184874 0.000000 0.008403 0.012605 0.000000 0.033613 0.294118 0.050420 0.000000 0.008403 0.004202 0.000000 0.004202 0.172269 0.008403 0.004202 0.021008 0.008403 0.050420 0.033613 0.000000
];
BOW_HOF_9_4=[
0.225352 0.000000 0.000000 0.000000 0.028169 0.000000 0.000000 0.000000 0.000000 0.000000 0.521127 0.056338 0.000000 0.000000 0.000000 0.000000 0.000000 0.154930 0.000000 0.000000 0.000000 0.000000 0.000000 0.014085 0.000000
];
BOW_HOF_9_5=[
0.016698 0.000000 0.000000 0.000000 0.109462 0.000000 0.051948 0.000000 0.000000 0.000000 0.699443 0.001855 0.000000 0.000000 0.000000 0.000000 0.000000 0.118738 0.000000 0.000000 0.000000 0.000000 0.001855 0.000000 0.000000
];
BOW_HOF_9_6=[
0.094340 0.000000 0.000000 0.000000 0.037736 0.000000 0.056604 0.037736 0.018868 0.018868 0.547170 0.018868 0.000000 0.018868 0.000000 0.000000 0.000000 0.075472 0.000000 0.000000 0.000000 0.000000 0.018868 0.056604 0.000000
];
BOW_HOF_9_7=[
0.377551 0.000000 0.000000 0.000000 0.040816 0.000000 0.000000 0.000000 0.000000 0.010204 0.510204 0.020408 0.000000 0.000000 0.000000 0.000000 0.000000 0.030612 0.000000 0.000000 0.000000 0.000000 0.010204 0.000000 0.000000
];
