
Mean_HOG_Confusion=[
6.000000 0.000000 0.000000 0.000000 0.000000 0.000000 0.000000
2.000000 2.000000 0.000000 0.000000 1.000000 0.000000 1.000000
2.000000 0.000000 0.000000 0.000000 1.000000 1.000000 3.000000
0.000000 0.000000 0.000000 0.000000 1.000000 5.000000 0.000000
2.000000 0.000000 0.000000 0.000000 4.000000 0.000000 0.000000
0.000000 0.000000 0.000000 0.000000 0.000000 5.000000 1.000000
0.000000 1.000000 0.000000 0.000000 0.000000 0.000000 4.000000
];
Mean_HOF_Confusion=[
0.000000 0.000000 0.000000 0.000000 2.000000 1.000000 3.000000
0.000000 0.000000 0.000000 0.000000 2.000000 0.000000 4.000000
1.000000 1.000000 0.000000 0.000000 0.000000 2.000000 3.000000
1.000000 0.000000 1.000000 2.000000 0.000000 1.000000 1.000000
2.000000 0.000000 0.000000 0.000000 1.000000 1.000000 2.000000
0.000000 0.000000 1.000000 2.000000 1.000000 0.000000 2.000000
0.000000 1.000000 0.000000 0.000000 1.000000 0.000000 3.000000
];
BOW_HOG_Confusion=[
3.000000 2.000000 0.000000 0.000000 1.000000 0.000000 0.000000
0.000000 0.000000 4.000000 0.000000 0.000000 0.000000 2.000000
0.000000 0.000000 1.000000 5.000000 0.000000 0.000000 1.000000
0.000000 0.000000 0.000000 5.000000 0.000000 1.000000 0.000000
3.000000 1.000000 1.000000 0.000000 1.000000 0.000000 0.000000
0.000000 0.000000 0.000000 5.000000 0.000000 1.000000 0.000000
0.000000 1.000000 1.000000 0.000000 0.000000 0.000000 3.000000
];
BOW_HOF_Confusion=[
3.000000 2.000000 0.000000 0.000000 0.000000 0.000000 1.000000
1.000000 3.000000 0.000000 0.000000 0.000000 0.000000 2.000000
0.000000 0.000000 3.000000 2.000000 0.000000 1.000000 1.000000
0.000000 0.000000 2.000000 3.000000 0.000000 1.000000 0.000000
1.000000 0.000000 0.000000 0.000000 5.000000 0.000000 0.000000
0.000000 0.000000 1.000000 0.000000 0.000000 4.000000 1.000000
0.000000 0.000000 0.000000 0.000000 1.000000 0.000000 4.000000
];
